------------------------
 θ (radians)   | I(θ)
------------------------
     -1.570796 | 0.000000
     -1.567652 | 0.000000
     -1.564507 | 0.000000
     -1.561362 | 0.000000
     -1.558217 | 0.000000
     -1.555073 | 0.000001
     -1.551928 | 0.000001
     -1.548783 | 0.000002
     -1.545638 | 0.000003
     -1.542494 | 0.000005
     -1.539349 | 0.000008
     -1.536204 | 0.000012
     -1.533059 | 0.000017
     -1.529915 | 0.000023
     -1.526770 | 0.000031
     -1.523625 | 0.000041
     -1.520481 | 0.000053
     -1.517336 | 0.000068
     -1.514191 | 0.000085
     -1.511046 | 0.000105
     -1.507902 | 0.000129
     -1.504757 | 0.000157
     -1.501612 | 0.000189
     -1.498467 | 0.000226
     -1.495323 | 0.000268
     -1.492178 | 0.000316
     -1.489033 | 0.000369
     -1.485888 | 0.000430
     -1.482744 | 0.000497
     -1.479599 | 0.000571
     -1.476454 | 0.000654
     -1.473309 | 0.000746
     -1.470165 | 0.000846
     -1.467020 | 0.000956
     -1.463875 | 0.001077
     -1.460731 | 0.001208
     -1.457586 | 0.001351
     -1.454441 | 0.001507
     -1.451296 | 0.001674
     -1.448152 | 0.001855
     -1.445007 | 0.002050
     -1.441862 | 0.002260
     -1.438717 | 0.002485
     -1.435573 | 0.002725
     -1.432428 | 0.002982
     -1.429283 | 0.003255
     -1.426138 | 0.003546
     -1.422994 | 0.003855
     -1.419849 | 0.004183
     -1.416704 | 0.004530
     -1.413559 | 0.004896
     -1.410415 | 0.005282
     -1.407270 | 0.005688
     -1.404125 | 0.006115
     -1.400981 | 0.006563
     -1.397836 | 0.007032
     -1.394691 | 0.007523
     -1.391546 | 0.008035
     -1.388402 | 0.008569
     -1.385257 | 0.009125
     -1.382112 | 0.009703
     -1.378967 | 0.010302
     -1.375823 | 0.010922
     -1.372678 | 0.011564
     -1.369533 | 0.012226
     -1.366388 | 0.012908
     -1.363244 | 0.013610
     -1.360099 | 0.014331
     -1.356954 | 0.015069
     -1.353809 | 0.015825
     -1.350665 | 0.016597
     -1.347520 | 0.017384
     -1.344375 | 0.018185
     -1.341230 | 0.018997
     -1.338086 | 0.019821
     -1.334941 | 0.020653
     -1.331796 | 0.021492
     -1.328652 | 0.022337
     -1.325507 | 0.023184
     -1.322362 | 0.024033
     -1.319217 | 0.024879
     -1.316073 | 0.025722
     -1.312928 | 0.026558
     -1.309783 | 0.027385
     -1.306638 | 0.028199
     -1.303494 | 0.028999
     -1.300349 | 0.029780
     -1.297204 | 0.030539
     -1.294059 | 0.031274
     -1.290915 | 0.031981
     -1.287770 | 0.032656
     -1.284625 | 0.033297
     -1.281480 | 0.033899
     -1.278336 | 0.034460
     -1.275191 | 0.034976
     -1.272046 | 0.035444
     -1.268902 | 0.035859
     -1.265757 | 0.036220
     -1.262612 | 0.036522
     -1.259467 | 0.036763
     -1.256323 | 0.036940
     -1.253178 | 0.037050
     -1.250033 | 0.037090
     -1.246888 | 0.037058
     -1.243744 | 0.036952
     -1.240599 | 0.036771
     -1.237454 | 0.036512
     -1.234309 | 0.036175
     -1.231165 | 0.035758
     -1.228020 | 0.035262
     -1.224875 | 0.034687
     -1.221730 | 0.034032
     -1.218586 | 0.033299
     -1.215441 | 0.032489
     -1.212296 | 0.031605
     -1.209152 | 0.030648
     -1.206007 | 0.029622
     -1.202862 | 0.028530
     -1.199717 | 0.027376
     -1.196573 | 0.026165
     -1.193428 | 0.024902
     -1.190283 | 0.023593
     -1.187138 | 0.022244
     -1.183994 | 0.020862
     -1.180849 | 0.019455
     -1.177704 | 0.018030
     -1.174559 | 0.016595
     -1.171415 | 0.015160
     -1.168270 | 0.013734
     -1.165125 | 0.012325
     -1.161980 | 0.010944
     -1.158836 | 0.009601
     -1.155691 | 0.008305
     -1.152546 | 0.007067
     -1.149402 | 0.005898
     -1.146257 | 0.004806
     -1.143112 | 0.003803
     -1.139967 | 0.002898
     -1.136823 | 0.002100
     -1.133678 | 0.001419
     -1.130533 | 0.000862
     -1.127388 | 0.000437
     -1.124244 | 0.000153
     -1.121099 | 0.000014
     -1.117954 | 0.000026
     -1.114809 | 0.000193
     -1.111665 | 0.000519
     -1.108520 | 0.001005
     -1.105375 | 0.001653
     -1.102230 | 0.002462
     -1.099086 | 0.003429
     -1.095941 | 0.004551
     -1.092796 | 0.005823
     -1.089652 | 0.007240
     -1.086507 | 0.008792
     -1.083362 | 0.010471
     -1.080217 | 0.012265
     -1.077073 | 0.014162
     -1.073928 | 0.016149
     -1.070783 | 0.018209
     -1.067638 | 0.020327
     -1.064494 | 0.022485
     -1.061349 | 0.024665
     -1.058204 | 0.026847
     -1.055059 | 0.029011
     -1.051915 | 0.031136
     -1.048770 | 0.033201
     -1.045625 | 0.035185
     -1.042480 | 0.037068
     -1.039336 | 0.038829
     -1.036191 | 0.040447
     -1.033046 | 0.041903
     -1.029901 | 0.043180
     -1.026757 | 0.044260
     -1.023612 | 0.045129
     -1.020467 | 0.045772
     -1.017323 | 0.046179
     -1.014178 | 0.046341
     -1.011033 | 0.046250
     -1.007888 | 0.045904
     -1.004744 | 0.045301
     -1.001599 | 0.044443
     -0.998454 | 0.043336
     -0.995309 | 0.041987
     -0.992165 | 0.040409
     -0.989020 | 0.038614
     -0.985875 | 0.036623
     -0.982730 | 0.034454
     -0.979586 | 0.032132
     -0.976441 | 0.029682
     -0.973296 | 0.027135
     -0.970151 | 0.024520
     -0.967007 | 0.021871
     -0.963862 | 0.019222
     -0.960717 | 0.016608
     -0.957573 | 0.014066
     -0.954428 | 0.011632
     -0.951283 | 0.009342
     -0.948138 | 0.007231
     -0.944994 | 0.005334
     -0.941849 | 0.003682
     -0.938704 | 0.002304
     -0.935559 | 0.001229
     -0.932415 | 0.000478
     -0.929270 | 0.000072
     -0.926125 | 0.000025
     -0.922980 | 0.000349
     -0.919836 | 0.001048
     -0.916691 | 0.002122
     -0.913546 | 0.003566
     -0.910401 | 0.005369
     -0.907257 | 0.007514
     -0.904112 | 0.009977
     -0.900967 | 0.012732
     -0.897823 | 0.015744
     -0.894678 | 0.018975
     -0.891533 | 0.022382
     -0.888388 | 0.025918
     -0.885244 | 0.029532
     -0.882099 | 0.033172
     -0.878954 | 0.036782
     -0.875809 | 0.040306
     -0.872665 | 0.043687
     -0.869520 | 0.046869
     -0.866375 | 0.049799
     -0.863230 | 0.052425
     -0.860086 | 0.054698
     -0.856941 | 0.056576
     -0.853796 | 0.058021
     -0.850651 | 0.059001
     -0.847507 | 0.059492
     -0.844362 | 0.059478
     -0.841217 | 0.058950
     -0.838073 | 0.057910
     -0.834928 | 0.056368
     -0.831783 | 0.054343
     -0.828638 | 0.051863
     -0.825494 | 0.048967
     -0.822349 | 0.045700
     -0.819204 | 0.042119
     -0.816059 | 0.038285
     -0.812915 | 0.034266
     -0.809770 | 0.030138
     -0.806625 | 0.025978
     -0.803480 | 0.021868
     -0.800336 | 0.017891
     -0.797191 | 0.014129
     -0.794046 | 0.010664
     -0.790901 | 0.007573
     -0.787757 | 0.004929
     -0.784612 | 0.002797
     -0.781467 | 0.001235
     -0.778323 | 0.000291
     -0.775178 | 0.000002
     -0.772033 | 0.000392
     -0.768888 | 0.001474
     -0.765744 | 0.003245
     -0.762599 | 0.005688
     -0.759454 | 0.008775
     -0.756309 | 0.012459
     -0.753165 | 0.016682
     -0.750020 | 0.021373
     -0.746875 | 0.026448
     -0.743730 | 0.031814
     -0.740586 | 0.037368
     -0.737441 | 0.043000
     -0.734296 | 0.048597
     -0.731151 | 0.054040
     -0.728007 | 0.059215
     -0.724862 | 0.064006
     -0.721717 | 0.068305
     -0.718572 | 0.072012
     -0.715428 | 0.075036
     -0.712283 | 0.077301
     -0.709138 | 0.078744
     -0.705994 | 0.079319
     -0.702849 | 0.079001
     -0.699704 | 0.077783
     -0.696559 | 0.075679
     -0.693415 | 0.072725
     -0.690270 | 0.068976
     -0.687125 | 0.064509
     -0.683980 | 0.059420
     -0.680836 | 0.053822
     -0.677691 | 0.047845
     -0.674546 | 0.041630
     -0.671401 | 0.035329
     -0.668257 | 0.029100
     -0.665112 | 0.023105
     -0.661967 | 0.017503
     -0.658822 | 0.012450
     -0.655678 | 0.008092
     -0.652533 | 0.004563
     -0.649388 | 0.001979
     -0.646244 | 0.000436
     -0.643099 | 0.000010
     -0.639954 | 0.000745
     -0.636809 | 0.002663
     -0.633665 | 0.005752
     -0.630520 | 0.009973
     -0.627375 | 0.015256
     -0.624230 | 0.021500
     -0.621086 | 0.028578
     -0.617941 | 0.036338
     -0.614796 | 0.044605
     -0.611651 | 0.053185
     -0.608507 | 0.061872
     -0.605362 | 0.070450
     -0.602217 | 0.078701
     -0.599072 | 0.086408
     -0.595928 | 0.093363
     -0.592783 | 0.099372
     -0.589638 | 0.104263
     -0.586494 | 0.107888
     -0.583349 | 0.110129
     -0.580204 | 0.110904
     -0.577059 | 0.110168
     -0.573915 | 0.107918
     -0.570770 | 0.104192
     -0.567625 | 0.099072
     -0.564480 | 0.092680
     -0.561336 | 0.085179
     -0.558191 | 0.076768
     -0.555046 | 0.067679
     -0.551901 | 0.058169
     -0.548757 | 0.048517
     -0.545612 | 0.039014
     -0.542467 | 0.029955
     -0.539322 | 0.021633
     -0.536178 | 0.014328
     -0.533033 | 0.008301
     -0.529888 | 0.003781
     -0.526744 | 0.000964
     -0.523599 | 0.000000
     -0.520454 | 0.000989
     -0.517309 | 0.003978
     -0.514165 | 0.008956
     -0.511020 | 0.015853
     -0.507875 | 0.024538
     -0.504730 | 0.034824
     -0.501586 | 0.046471
     -0.498441 | 0.059189
     -0.495296 | 0.072647
     -0.492151 | 0.086481
     -0.489007 | 0.100306
     -0.485862 | 0.113724
     -0.482717 | 0.126337
     -0.479572 | 0.137760
     -0.476428 | 0.147631
     -0.473283 | 0.155629
     -0.470138 | 0.161477
     -0.466994 | 0.164960
     -0.463849 | 0.165928
     -0.460704 | 0.164308
     -0.457559 | 0.160106
     -0.454415 | 0.153410
     -0.451270 | 0.144392
     -0.448125 | 0.133305
     -0.444980 | 0.120477
     -0.441836 | 0.106302
     -0.438691 | 0.091235
     -0.435546 | 0.075774
     -0.432401 | 0.060448
     -0.429257 | 0.045802
     -0.426112 | 0.032378
     -0.422967 | 0.020700
     -0.419822 | 0.011252
     -0.416678 | 0.004464
     -0.413533 | 0.000696
     -0.410388 | 0.000222
     -0.407243 | 0.003216
     -0.404099 | 0.009748
     -0.400954 | 0.019772
     -0.397809 | 0.033125
     -0.394665 | 0.049529
     -0.391520 | 0.068595
     -0.388375 | 0.089829
     -0.385230 | 0.112650
     -0.382086 | 0.136401
     -0.378941 | 0.160372
     -0.375796 | 0.183816
     -0.372651 | 0.205981
     -0.369507 | 0.226129
     -0.366362 | 0.243564
     -0.363217 | 0.257658
     -0.360072 | 0.267875
     -0.356928 | 0.273791
     -0.353783 | 0.275118
     -0.350638 | 0.271716
     -0.347493 | 0.263605
     -0.344349 | 0.250972
     -0.341204 | 0.234171
     -0.338059 | 0.213720
     -0.334915 | 0.190287
     -0.331770 | 0.164676
     -0.328625 | 0.137805
     -0.325480 | 0.110677
     -0.322336 | 0.084352
     -0.319191 | 0.059909
     -0.316046 | 0.038414
     -0.312901 | 0.020875
     -0.309757 | 0.008211
     -0.306612 | 0.001212
     -0.303467 | 0.000505
     -0.300322 | 0.006525
     -0.297178 | 0.019492
     -0.294033 | 0.039389
     -0.290888 | 0.065956
     -0.287743 | 0.098686
     -0.284599 | 0.136829
     -0.281454 | 0.179410
     -0.278309 | 0.225251
     -0.275165 | 0.273004
     -0.272020 | 0.321191
     -0.268875 | 0.368249
     -0.265730 | 0.412585
     -0.262586 | 0.452631
     -0.259441 | 0.486899
     -0.256296 | 0.514045
     -0.253151 | 0.532920
     -0.250007 | 0.542626
     -0.246862 | 0.542563
     -0.243717 | 0.532465
     -0.240572 | 0.512430
     -0.237428 | 0.482940
     -0.234283 | 0.444861
     -0.231138 | 0.399439
     -0.227993 | 0.348276
     -0.224849 | 0.293294
     -0.221704 | 0.236684
     -0.218559 | 0.180845
     -0.215415 | 0.128308
     -0.212270 | 0.081658
     -0.209125 | 0.043437
     -0.205980 | 0.016057
     -0.202836 | 0.001703
     -0.199691 | 0.002236
     -0.196546 | 0.019113
     -0.193401 | 0.053299
     -0.190257 | 0.105210
     -0.187112 | 0.174655
     -0.183967 | 0.260802
     -0.180822 | 0.362172
     -0.177678 | 0.476637
     -0.174533 | 0.601461
     -0.171388 | 0.733353
     -0.168243 | 0.868543
     -0.165099 | 1.002889
     -0.161954 | 1.131997
     -0.158809 | 1.251361
     -0.155665 | 1.356522
     -0.152520 | 1.443231
     -0.149375 | 1.507627
     -0.146230 | 1.546406
     -0.143086 | 1.556998
     -0.139941 | 1.537723
     -0.136796 | 1.487943
     -0.133651 | 1.408185
     -0.130507 | 1.300243
     -0.127362 | 1.167252
     -0.124217 | 1.013718
     -0.121072 | 0.845527
     -0.117928 | 0.669900
     -0.114783 | 0.495313
     -0.111638 | 0.331378
     -0.108493 | 0.188681
     -0.105349 | 0.078586
     -0.102204 | 0.012997
     -0.099059 | 0.004101
     -0.095914 | 0.064078
     -0.092770 | 0.204799
     -0.089625 | 0.437505
     -0.086480 | 0.772496
     -0.083336 | 1.218813
     -0.080191 | 1.783941
     -0.077046 | 2.473531
     -0.073901 | 3.291150
     -0.070757 | 4.238077
     -0.067612 | 5.313132
     -0.064467 | 6.512564
     -0.061322 | 7.829988
     -0.058178 | 9.256388
     -0.055033 | 10.780167
     -0.051888 | 12.387275
     -0.048743 | 14.061384
     -0.045599 | 15.784125
     -0.042454 | 17.535377
     -0.039309 | 19.293606
     -0.036164 | 21.036245
     -0.033020 | 22.740099
     -0.029875 | 24.381787
     -0.026730 | 25.938184
     -0.023586 | 27.386877
     -0.020441 | 28.706611
     -0.017296 | 29.877713
     -0.014151 | 30.882497
     -0.011007 | 31.705624
     -0.007862 | 32.334419
     -0.004717 | 32.759138
     -0.001572 | 32.973168
      0.001572 | 32.973168
      0.004717 | 32.759138
      0.007862 | 32.334419
      0.011007 | 31.705624
      0.014151 | 30.882497
      0.017296 | 29.877713
      0.020441 | 28.706611
      0.023586 | 27.386877
      0.026730 | 25.938184
      0.029875 | 24.381787
      0.033020 | 22.740099
      0.036164 | 21.036245
      0.039309 | 19.293606
      0.042454 | 17.535377
      0.045599 | 15.784125
      0.048743 | 14.061384
      0.051888 | 12.387275
      0.055033 | 10.780167
      0.058178 | 9.256388
      0.061322 | 7.829988
      0.064467 | 6.512564
      0.067612 | 5.313132
      0.070757 | 4.238077
      0.073901 | 3.291150
      0.077046 | 2.473531
      0.080191 | 1.783941
      0.083336 | 1.218813
      0.086480 | 0.772496
      0.089625 | 0.437505
      0.092770 | 0.204799
      0.095914 | 0.064078
      0.099059 | 0.004101
      0.102204 | 0.012997
      0.105349 | 0.078586
      0.108493 | 0.188681
      0.111638 | 0.331378
      0.114783 | 0.495313
      0.117928 | 0.669900
      0.121072 | 0.845527
      0.124217 | 1.013718
      0.127362 | 1.167252
      0.130507 | 1.300243
      0.133651 | 1.408185
      0.136796 | 1.487943
      0.139941 | 1.537723
      0.143086 | 1.556998
      0.146230 | 1.546406
      0.149375 | 1.507627
      0.152520 | 1.443231
      0.155665 | 1.356522
      0.158809 | 1.251361
      0.161954 | 1.131997
      0.165099 | 1.002889
      0.168243 | 0.868543
      0.171388 | 0.733353
      0.174533 | 0.601461
      0.177678 | 0.476637
      0.180822 | 0.362172
      0.183967 | 0.260802
      0.187112 | 0.174655
      0.190257 | 0.105210
      0.193401 | 0.053299
      0.196546 | 0.019113
      0.199691 | 0.002236
      0.202836 | 0.001703
      0.205980 | 0.016057
      0.209125 | 0.043437
      0.212270 | 0.081658
      0.215415 | 0.128308
      0.218559 | 0.180845
      0.221704 | 0.236684
      0.224849 | 0.293294
      0.227993 | 0.348276
      0.231138 | 0.399439
      0.234283 | 0.444861
      0.237428 | 0.482940
      0.240572 | 0.512430
      0.243717 | 0.532465
      0.246862 | 0.542563
      0.250007 | 0.542626
      0.253151 | 0.532920
      0.256296 | 0.514045
      0.259441 | 0.486899
      0.262586 | 0.452631
      0.265730 | 0.412585
      0.268875 | 0.368249
      0.272020 | 0.321191
      0.275165 | 0.273004
      0.278309 | 0.225251
      0.281454 | 0.179410
      0.284599 | 0.136829
      0.287743 | 0.098686
      0.290888 | 0.065956
      0.294033 | 0.039389
      0.297178 | 0.019492
      0.300322 | 0.006525
      0.303467 | 0.000505
      0.306612 | 0.001212
      0.309757 | 0.008211
      0.312901 | 0.020875
      0.316046 | 0.038414
      0.319191 | 0.059909
      0.322336 | 0.084352
      0.325480 | 0.110677
      0.328625 | 0.137805
      0.331770 | 0.164676
      0.334915 | 0.190287
      0.338059 | 0.213720
      0.341204 | 0.234171
      0.344349 | 0.250972
      0.347493 | 0.263605
      0.350638 | 0.271716
      0.353783 | 0.275118
      0.356928 | 0.273791
      0.360072 | 0.267875
      0.363217 | 0.257658
      0.366362 | 0.243564
      0.369507 | 0.226129
      0.372651 | 0.205981
      0.375796 | 0.183816
      0.378941 | 0.160372
      0.382086 | 0.136401
      0.385230 | 0.112650
      0.388375 | 0.089829
      0.391520 | 0.068595
      0.394665 | 0.049529
      0.397809 | 0.033125
      0.400954 | 0.019772
      0.404099 | 0.009748
      0.407243 | 0.003216
      0.410388 | 0.000222
      0.413533 | 0.000696
      0.416678 | 0.004464
      0.419822 | 0.011252
      0.422967 | 0.020700
      0.426112 | 0.032378
      0.429257 | 0.045802
      0.432401 | 0.060448
      0.435546 | 0.075774
      0.438691 | 0.091235
      0.441836 | 0.106302
      0.444980 | 0.120477
      0.448125 | 0.133305
      0.451270 | 0.144392
      0.454415 | 0.153410
      0.457559 | 0.160106
      0.460704 | 0.164308
      0.463849 | 0.165928
      0.466994 | 0.164960
      0.470138 | 0.161477
      0.473283 | 0.155629
      0.476428 | 0.147631
      0.479572 | 0.137760
      0.482717 | 0.126337
      0.485862 | 0.113724
      0.489007 | 0.100306
      0.492151 | 0.086481
      0.495296 | 0.072647
      0.498441 | 0.059189
      0.501586 | 0.046471
      0.504730 | 0.034824
      0.507875 | 0.024538
      0.511020 | 0.015853
      0.514165 | 0.008956
      0.517309 | 0.003978
      0.520454 | 0.000989
      0.523599 | 0.000000
      0.526744 | 0.000964
      0.529888 | 0.003781
      0.533033 | 0.008301
      0.536178 | 0.014328
      0.539322 | 0.021633
      0.542467 | 0.029955
      0.545612 | 0.039014
      0.548757 | 0.048517
      0.551901 | 0.058169
      0.555046 | 0.067679
      0.558191 | 0.076768
      0.561336 | 0.085179
      0.564480 | 0.092680
      0.567625 | 0.099072
      0.570770 | 0.104192
      0.573915 | 0.107918
      0.577059 | 0.110168
      0.580204 | 0.110904
      0.583349 | 0.110129
      0.586494 | 0.107888
      0.589638 | 0.104263
      0.592783 | 0.099372
      0.595928 | 0.093363
      0.599072 | 0.086408
      0.602217 | 0.078701
      0.605362 | 0.070450
      0.608507 | 0.061872
      0.611651 | 0.053185
      0.614796 | 0.044605
      0.617941 | 0.036338
      0.621086 | 0.028578
      0.624230 | 0.021500
      0.627375 | 0.015256
      0.630520 | 0.009973
      0.633665 | 0.005752
      0.636809 | 0.002663
      0.639954 | 0.000745
      0.643099 | 0.000010
      0.646244 | 0.000436
      0.649388 | 0.001979
      0.652533 | 0.004563
      0.655678 | 0.008092
      0.658822 | 0.012450
      0.661967 | 0.017503
      0.665112 | 0.023105
      0.668257 | 0.029100
      0.671401 | 0.035329
      0.674546 | 0.041630
      0.677691 | 0.047845
      0.680836 | 0.053822
      0.683980 | 0.059420
      0.687125 | 0.064509
      0.690270 | 0.068976
      0.693415 | 0.072725
      0.696559 | 0.075679
      0.699704 | 0.077783
      0.702849 | 0.079001
      0.705994 | 0.079319
      0.709138 | 0.078744
      0.712283 | 0.077301
      0.715428 | 0.075036
      0.718572 | 0.072012
      0.721717 | 0.068305
      0.724862 | 0.064006
      0.728007 | 0.059215
      0.731151 | 0.054040
      0.734296 | 0.048597
      0.737441 | 0.043000
      0.740586 | 0.037368
      0.743730 | 0.031814
      0.746875 | 0.026448
      0.750020 | 0.021373
      0.753165 | 0.016682
      0.756309 | 0.012459
      0.759454 | 0.008775
      0.762599 | 0.005688
      0.765744 | 0.003245
      0.768888 | 0.001474
      0.772033 | 0.000392
      0.775178 | 0.000002
      0.778323 | 0.000291
      0.781467 | 0.001235
      0.784612 | 0.002797
      0.787757 | 0.004929
      0.790901 | 0.007573
      0.794046 | 0.010664
      0.797191 | 0.014129
      0.800336 | 0.017891
      0.803480 | 0.021868
      0.806625 | 0.025978
      0.809770 | 0.030138
      0.812915 | 0.034266
      0.816059 | 0.038285
      0.819204 | 0.042119
      0.822349 | 0.045700
      0.825494 | 0.048967
      0.828638 | 0.051863
      0.831783 | 0.054343
      0.834928 | 0.056368
      0.838073 | 0.057910
      0.841217 | 0.058950
      0.844362 | 0.059478
      0.847507 | 0.059492
      0.850651 | 0.059001
      0.853796 | 0.058021
      0.856941 | 0.056576
      0.860086 | 0.054698
      0.863230 | 0.052425
      0.866375 | 0.049799
      0.869520 | 0.046869
      0.872665 | 0.043687
      0.875809 | 0.040306
      0.878954 | 0.036782
      0.882099 | 0.033172
      0.885244 | 0.029532
      0.888388 | 0.025918
      0.891533 | 0.022382
      0.894678 | 0.018975
      0.897823 | 0.015744
      0.900967 | 0.012732
      0.904112 | 0.009977
      0.907257 | 0.007514
      0.910401 | 0.005369
      0.913546 | 0.003566
      0.916691 | 0.002122
      0.919836 | 0.001048
      0.922980 | 0.000349
      0.926125 | 0.000025
      0.929270 | 0.000072
      0.932415 | 0.000478
      0.935559 | 0.001229
      0.938704 | 0.002304
      0.941849 | 0.003682
      0.944994 | 0.005334
      0.948138 | 0.007231
      0.951283 | 0.009342
      0.954428 | 0.011632
      0.957573 | 0.014066
      0.960717 | 0.016608
      0.963862 | 0.019222
      0.967007 | 0.021871
      0.970151 | 0.024520
      0.973296 | 0.027135
      0.976441 | 0.029682
      0.979586 | 0.032132
      0.982730 | 0.034454
      0.985875 | 0.036623
      0.989020 | 0.038614
      0.992165 | 0.040409
      0.995309 | 0.041987
      0.998454 | 0.043336
      1.001599 | 0.044443
      1.004744 | 0.045301
      1.007888 | 0.045904
      1.011033 | 0.046250
      1.014178 | 0.046341
      1.017323 | 0.046179
      1.020467 | 0.045772
      1.023612 | 0.045129
      1.026757 | 0.044260
      1.029901 | 0.043180
      1.033046 | 0.041903
      1.036191 | 0.040447
      1.039336 | 0.038829
      1.042480 | 0.037068
      1.045625 | 0.035185
      1.048770 | 0.033201
      1.051915 | 0.031136
      1.055059 | 0.029011
      1.058204 | 0.026847
      1.061349 | 0.024665
      1.064494 | 0.022485
      1.067638 | 0.020327
      1.070783 | 0.018209
      1.073928 | 0.016149
      1.077073 | 0.014162
      1.080217 | 0.012265
      1.083362 | 0.010471
      1.086507 | 0.008792
      1.089652 | 0.007240
      1.092796 | 0.005823
      1.095941 | 0.004551
      1.099086 | 0.003429
      1.102230 | 0.002462
      1.105375 | 0.001653
      1.108520 | 0.001005
      1.111665 | 0.000519
      1.114809 | 0.000193
      1.117954 | 0.000026
      1.121099 | 0.000014
      1.124244 | 0.000153
      1.127388 | 0.000437
      1.130533 | 0.000862
      1.133678 | 0.001419
      1.136823 | 0.002100
      1.139967 | 0.002898
      1.143112 | 0.003803
      1.146257 | 0.004806
      1.149402 | 0.005898
      1.152546 | 0.007067
      1.155691 | 0.008305
      1.158836 | 0.009601
      1.161980 | 0.010944
      1.165125 | 0.012325
      1.168270 | 0.013734
      1.171415 | 0.015160
      1.174559 | 0.016595
      1.177704 | 0.018030
      1.180849 | 0.019455
      1.183994 | 0.020862
      1.187138 | 0.022244
      1.190283 | 0.023593
      1.193428 | 0.024902
      1.196573 | 0.026165
      1.199717 | 0.027376
      1.202862 | 0.028530
      1.206007 | 0.029622
      1.209152 | 0.030648
      1.212296 | 0.031605
      1.215441 | 0.032489
      1.218586 | 0.033299
      1.221730 | 0.034032
      1.224875 | 0.034687
      1.228020 | 0.035262
      1.231165 | 0.035758
      1.234309 | 0.036175
      1.237454 | 0.036512
      1.240599 | 0.036771
      1.243744 | 0.036952
      1.246888 | 0.037058
      1.250033 | 0.037090
      1.253178 | 0.037050
      1.256323 | 0.036940
      1.259467 | 0.036763
      1.262612 | 0.036522
      1.265757 | 0.036220
      1.268902 | 0.035859
      1.272046 | 0.035444
      1.275191 | 0.034976
      1.278336 | 0.034460
      1.281480 | 0.033899
      1.284625 | 0.033297
      1.287770 | 0.032656
      1.290915 | 0.031981
      1.294059 | 0.031274
      1.297204 | 0.030539
      1.300349 | 0.029780
      1.303494 | 0.028999
      1.306638 | 0.028199
      1.309783 | 0.027385
      1.312928 | 0.026558
      1.316073 | 0.025722
      1.319217 | 0.024879
      1.322362 | 0.024033
      1.325507 | 0.023184
      1.328652 | 0.022337
      1.331796 | 0.021492
      1.334941 | 0.020653
      1.338086 | 0.019821
      1.341230 | 0.018997
      1.344375 | 0.018185
      1.347520 | 0.017384
      1.350665 | 0.016597
      1.353809 | 0.015825
      1.356954 | 0.015069
      1.360099 | 0.014331
      1.363244 | 0.013610
      1.366388 | 0.012908
      1.369533 | 0.012226
      1.372678 | 0.011564
      1.375823 | 0.010922
      1.378967 | 0.010302
      1.382112 | 0.009703
      1.385257 | 0.009125
      1.388402 | 0.008569
      1.391546 | 0.008035
      1.394691 | 0.007523
      1.397836 | 0.007032
      1.400981 | 0.006563
      1.404125 | 0.006115
      1.407270 | 0.005688
      1.410415 | 0.005282
      1.413559 | 0.004896
      1.416704 | 0.004530
      1.419849 | 0.004183
      1.422994 | 0.003855
      1.426138 | 0.003546
      1.429283 | 0.003255
      1.432428 | 0.002982
      1.435573 | 0.002725
      1.438717 | 0.002485
      1.441862 | 0.002260
      1.445007 | 0.002050
      1.448152 | 0.001855
      1.451296 | 0.001674
      1.454441 | 0.001507
      1.457586 | 0.001351
      1.460731 | 0.001208
      1.463875 | 0.001077
      1.467020 | 0.000956
      1.470165 | 0.000846
      1.473309 | 0.000746
      1.476454 | 0.000654
      1.479599 | 0.000571
      1.482744 | 0.000497
      1.485888 | 0.000430
      1.489033 | 0.000369
      1.492178 | 0.000316
      1.495323 | 0.000268
      1.498467 | 0.000226
      1.501612 | 0.000189
      1.504757 | 0.000157
      1.507902 | 0.000129
      1.511046 | 0.000105
      1.514191 | 0.000085
      1.517336 | 0.000068
      1.520481 | 0.000053
      1.523625 | 0.000041
      1.526770 | 0.000031
      1.529915 | 0.000023
      1.533059 | 0.000017
      1.536204 | 0.000012
      1.539349 | 0.000008
      1.542494 | 0.000005
      1.545638 | 0.000003
      1.548783 | 0.000002
      1.551928 | 0.000001
      1.555073 | 0.000001
      1.558217 | 0.000000
      1.561362 | 0.000000
      1.564507 | 0.000000
      1.567652 | 0.000000
      1.570796 | 0.000000
